Gene	Consequencia	Significancia_Clinica	rs_key	UniProt_ID	rsID_dbSNP	Proteina_Mudanca	AlphaMissense_Score	AlphaMissense_Classificacao	ID_UniProt	Nome_Proteina	Organismo	Status	Link_AlphaFold
CX3CR1	missense_variant		1003716920						P49238	CX3C chemokine receptor 1	Homo sapiens	Encontrado	https://alphafold.ebi.ac.uk/entry/P49238
CX3CR1	missense_variant		1004230971						P49238	CX3C chemokine receptor 1	Homo sapiens	Encontrado	https://alphafold.ebi.ac.uk/entry/P49238
CX3CR1	missense_variant		1023776134						P49238	CX3C chemokine receptor 1	Homo sapiens	Encontrado	https://alphafold.ebi.ac.uk/entry/P49238
CX3CR1	missense_variant	uncertain significance	1037619539	P49238	rs1037619539	S327T	0.0		P49238	CX3C chemokine receptor 1	Homo sapiens	Encontrado	https://alphafold.ebi.ac.uk/entry/P49238
CX3CR1	missense_variant	uncertain significance	1037619539	P49238	rs1037619539	S327T	0.33		P49238	CX3C chemokine receptor 1	Homo sapiens	Encontrado	https://alphafold.ebi.ac.uk/entry/P49238
CX3CR1	missense_variant		1041473774						P49238	CX3C chemokine receptor 1	Homo sapiens	Encontrado	https://alphafold.ebi.ac.uk/entry/P49238
CX3CR1	missense_variant		1157952021						P49238	CX3C chemokine receptor 1	Homo sapiens	Encontrado	https://alphafold.ebi.ac.uk/entry/P49238
CX3CR1	missense_variant		11715522						P49238	CX3C chemokine receptor 1	Homo sapiens	Encontrado	https://alphafold.ebi.ac.uk/entry/P49238
CX3CR1	missense_variant		1171964120						P49238	CX3C chemokine receptor 1	Homo sapiens	Encontrado	https://alphafold.ebi.ac.uk/entry/P49238
CX3CR1	missense_variant		1175385765						P49238	CX3C chemokine receptor 1	Homo sapiens	Encontrado	https://alphafold.ebi.ac.uk/entry/P49238
CX3CR1	missense_variant		1176341478						P49238	CX3C chemokine receptor 1	Homo sapiens	Encontrado	https://alphafold.ebi.ac.uk/entry/P49238
CX3CR1	missense_variant		1176802839						P49238	CX3C chemokine receptor 1	Homo sapiens	Encontrado	https://alphafold.ebi.ac.uk/entry/P49238
CX3CR1	missense_variant		1178214873						P49238	CX3C chemokine receptor 1	Homo sapiens	Encontrado	https://alphafold.ebi.ac.uk/entry/P49238
CX3CR1	missense_variant		1180638652						P49238	CX3C chemokine receptor 1	Homo sapiens	Encontrado	https://alphafold.ebi.ac.uk/entry/P49238
CX3CR1	missense_variant		1181989269						P49238	CX3C chemokine receptor 1	Homo sapiens	Encontrado	https://alphafold.ebi.ac.uk/entry/P49238
CX3CR1	missense_variant		1192001865						P49238	CX3C chemokine receptor 1	Homo sapiens	Encontrado	https://alphafold.ebi.ac.uk/entry/P49238
CX3CR1	missense_variant		1199733869						P49238	CX3C chemokine receptor 1	Homo sapiens	Encontrado	https://alphafold.ebi.ac.uk/entry/P49238
CX3CR1	missense_variant		1200425179						P49238	CX3C chemokine receptor 1	Homo sapiens	Encontrado	https://alphafold.ebi.ac.uk/entry/P49238
CX3CR1	missense_variant		1201160859						P49238	CX3C chemokine receptor 1	Homo sapiens	Encontrado	https://alphafold.ebi.ac.uk/entry/P49238
CX3CR1	missense_variant		1204695641						P49238	CX3C chemokine receptor 1	Homo sapiens	Encontrado	https://alphafold.ebi.ac.uk/entry/P49238
CX3CR1	missense_variant		1206692413						P49238	CX3C chemokine receptor 1	Homo sapiens	Encontrado	https://alphafold.ebi.ac.uk/entry/P49238
CX3CR1	missense_variant		1207121226						P49238	CX3C chemokine receptor 1	Homo sapiens	Encontrado	https://alphafold.ebi.ac.uk/entry/P49238
CX3CR1	missense_variant		1211054163						P49238	CX3C chemokine receptor 1	Homo sapiens	Encontrado	https://alphafold.ebi.ac.uk/entry/P49238
CX3CR1	missense_variant		1217914816						P49238	CX3C chemokine receptor 1	Homo sapiens	Encontrado	https://alphafold.ebi.ac.uk/entry/P49238
CX3CR1	missense_variant		1223873837						P49238	CX3C chemokine receptor 1	Homo sapiens	Encontrado	https://alphafold.ebi.ac.uk/entry/P49238
CX3CR1	missense_variant		1230064356						P49238	CX3C chemokine receptor 1	Homo sapiens	Encontrado	https://alphafold.ebi.ac.uk/entry/P49238
CX3CR1	missense_variant		1243034559						P49238	CX3C chemokine receptor 1	Homo sapiens	Encontrado	https://alphafold.ebi.ac.uk/entry/P49238
CX3CR1	missense_variant		1243086133						P49238	CX3C chemokine receptor 1	Homo sapiens	Encontrado	https://alphafold.ebi.ac.uk/entry/P49238
CX3CR1	missense_variant		1244679137						P49238	CX3C chemokine receptor 1	Homo sapiens	Encontrado	https://alphafold.ebi.ac.uk/entry/P49238
CX3CR1	missense_variant		1246765400						P49238	CX3C chemokine receptor 1	Homo sapiens	Encontrado	https://alphafold.ebi.ac.uk/entry/P49238
CX3CR1	missense_variant		1252445859						P49238	CX3C chemokine receptor 1	Homo sapiens	Encontrado	https://alphafold.ebi.ac.uk/entry/P49238
CX3CR1	missense_variant		1261474814						P49238	CX3C chemokine receptor 1	Homo sapiens	Encontrado	https://alphafold.ebi.ac.uk/entry/P49238
CX3CR1	missense_variant		1265506997						P49238	CX3C chemokine receptor 1	Homo sapiens	Encontrado	https://alphafold.ebi.ac.uk/entry/P49238
CX3CR1	missense_variant		1277195372						P49238	CX3C chemokine receptor 1	Homo sapiens	Encontrado	https://alphafold.ebi.ac.uk/entry/P49238
CX3CR1	missense_variant		1280229860						P49238	CX3C chemokine receptor 1	Homo sapiens	Encontrado	https://alphafold.ebi.ac.uk/entry/P49238
CX3CR1	missense_variant		1292777163						P49238	CX3C chemokine receptor 1	Homo sapiens	Encontrado	https://alphafold.ebi.ac.uk/entry/P49238
CX3CR1	missense_variant		1294639689						P49238	CX3C chemokine receptor 1	Homo sapiens	Encontrado	https://alphafold.ebi.ac.uk/entry/P49238
CX3CR1	missense_variant		1297070277						P49238	CX3C chemokine receptor 1	Homo sapiens	Encontrado	https://alphafold.ebi.ac.uk/entry/P49238
CX3CR1	missense_variant	uncertain significance	1297200530						P49238	CX3C chemokine receptor 1	Homo sapiens	Encontrado	https://alphafold.ebi.ac.uk/entry/P49238
CX3CR1	missense_variant		1298127752						P49238	CX3C chemokine receptor 1	Homo sapiens	Encontrado	https://alphafold.ebi.ac.uk/entry/P49238
CX3CR1	missense_variant		1300371651						P49238	CX3C chemokine receptor 1	Homo sapiens	Encontrado	https://alphafold.ebi.ac.uk/entry/P49238
CX3CR1	missense_variant		1304563696						P49238	CX3C chemokine receptor 1	Homo sapiens	Encontrado	https://alphafold.ebi.ac.uk/entry/P49238
CX3CR1	missense_variant		1312805034						P49238	CX3C chemokine receptor 1	Homo sapiens	Encontrado	https://alphafold.ebi.ac.uk/entry/P49238
CX3CR1	missense_variant		1312869123						P49238	CX3C chemokine receptor 1	Homo sapiens	Encontrado	https://alphafold.ebi.ac.uk/entry/P49238
CX3CR1	missense_variant		1314575618						P49238	CX3C chemokine receptor 1	Homo sapiens	Encontrado	https://alphafold.ebi.ac.uk/entry/P49238
CX3CR1	missense_variant		1316404289						P49238	CX3C chemokine receptor 1	Homo sapiens	Encontrado	https://alphafold.ebi.ac.uk/entry/P49238
CX3CR1	missense_variant		1329673993						P49238	CX3C chemokine receptor 1	Homo sapiens	Encontrado	https://alphafold.ebi.ac.uk/entry/P49238
CX3CR1	missense_variant		1338704785						P49238	CX3C chemokine receptor 1	Homo sapiens	Encontrado	https://alphafold.ebi.ac.uk/entry/P49238
CX3CR1	missense_variant		1339964279						P49238	CX3C chemokine receptor 1	Homo sapiens	Encontrado	https://alphafold.ebi.ac.uk/entry/P49238
CX3CR1	missense_variant		1341161060						P49238	CX3C chemokine receptor 1	Homo sapiens	Encontrado	https://alphafold.ebi.ac.uk/entry/P49238
CX3CR1	missense_variant		1344420180						P49238	CX3C chemokine receptor 1	Homo sapiens	Encontrado	https://alphafold.ebi.ac.uk/entry/P49238
CX3CR1	missense_variant		1344806050						P49238	CX3C chemokine receptor 1	Homo sapiens	Encontrado	https://alphafold.ebi.ac.uk/entry/P49238
CX3CR1	missense_variant		1351331600						P49238	CX3C chemokine receptor 1	Homo sapiens	Encontrado	https://alphafold.ebi.ac.uk/entry/P49238
CX3CR1	missense_variant		1351610797						P49238	CX3C chemokine receptor 1	Homo sapiens	Encontrado	https://alphafold.ebi.ac.uk/entry/P49238
CX3CR1	missense_variant		1355228447						P49238	CX3C chemokine receptor 1	Homo sapiens	Encontrado	https://alphafold.ebi.ac.uk/entry/P49238
CX3CR1	missense_variant		1360637008						P49238	CX3C chemokine receptor 1	Homo sapiens	Encontrado	https://alphafold.ebi.ac.uk/entry/P49238
CX3CR1	missense_variant		1365185879						P49238	CX3C chemokine receptor 1	Homo sapiens	Encontrado	https://alphafold.ebi.ac.uk/entry/P49238
CX3CR1	missense_variant		1370950840						P49238	CX3C chemokine receptor 1	Homo sapiens	Encontrado	https://alphafold.ebi.ac.uk/entry/P49238
CX3CR1	missense_variant		1374185250	P49238	rs1374185250	A296V	0.152		P49238	CX3C chemokine receptor 1	Homo sapiens	Encontrado	https://alphafold.ebi.ac.uk/entry/P49238
CX3CR1	missense_variant		1374185250	P49238	rs1374185250	A296V	0.54		P49238	CX3C chemokine receptor 1	Homo sapiens	Encontrado	https://alphafold.ebi.ac.uk/entry/P49238
CX3CR1	missense_variant		1374185250	P49238	rs1374185250	A296V	0.996		P49238	CX3C chemokine receptor 1	Homo sapiens	Encontrado	https://alphafold.ebi.ac.uk/entry/P49238
CX3CR1	missense_variant		1374185250	P49238	rs1374185250	A296V	0.11		P49238	CX3C chemokine receptor 1	Homo sapiens	Encontrado	https://alphafold.ebi.ac.uk/entry/P49238
CX3CR1	missense_variant		1376191981	P49238	rs1376191981	I111T	0.273		P49238	CX3C chemokine receptor 1	Homo sapiens	Encontrado	https://alphafold.ebi.ac.uk/entry/P49238
CX3CR1	missense_variant		1376191981	P49238	rs1376191981	I111T	0.04		P49238	CX3C chemokine receptor 1	Homo sapiens	Encontrado	https://alphafold.ebi.ac.uk/entry/P49238
CX3CR1	missense_variant		1376191981	P49238	rs1376191981	I111T	0.972		P49238	CX3C chemokine receptor 1	Homo sapiens	Encontrado	https://alphafold.ebi.ac.uk/entry/P49238
CX3CR1	missense_variant		1376191981	P49238	rs1376191981	I111T	0.03		P49238	CX3C chemokine receptor 1	Homo sapiens	Encontrado	https://alphafold.ebi.ac.uk/entry/P49238
CX3CR1	missense_variant	not provided	137854870	P49238	rs137854870	F262S	0.943		P49238	CX3C chemokine receptor 1	Homo sapiens	Encontrado	https://alphafold.ebi.ac.uk/entry/P49238
CX3CR1	missense_variant	not provided	137854870	P49238	rs137854870	F262S	0.04		P49238	CX3C chemokine receptor 1	Homo sapiens	Encontrado	https://alphafold.ebi.ac.uk/entry/P49238
CX3CR1	missense_variant	not provided	137854870	P49238	rs137854870	F262S	0.999		P49238	CX3C chemokine receptor 1	Homo sapiens	Encontrado	https://alphafold.ebi.ac.uk/entry/P49238
CX3CR1	missense_variant	not provided	137854870	P49238	rs137854870	F262S	0.0		P49238	CX3C chemokine receptor 1	Homo sapiens	Encontrado	https://alphafold.ebi.ac.uk/entry/P49238
CX3CR1	missense_variant		1378630350	P49238	rs1378630350	R318H	0.0		P49238	CX3C chemokine receptor 1	Homo sapiens	Encontrado	https://alphafold.ebi.ac.uk/entry/P49238
CX3CR1	missense_variant		1378630350	P49238	rs1378630350	R318H	0.58		P49238	CX3C chemokine receptor 1	Homo sapiens	Encontrado	https://alphafold.ebi.ac.uk/entry/P49238
CX3CR1	missense_variant		1378630350	P49238	rs1378630350	R318H	0.0		P49238	CX3C chemokine receptor 1	Homo sapiens	Encontrado	https://alphafold.ebi.ac.uk/entry/P49238
CX3CR1	missense_variant		1378630350	P49238	rs1378630350	R318H	0.56		P49238	CX3C chemokine receptor 1	Homo sapiens	Encontrado	https://alphafold.ebi.ac.uk/entry/P49238
CX3CR1	missense_variant		137947370						P49238	CX3C chemokine receptor 1	Homo sapiens	Encontrado	https://alphafold.ebi.ac.uk/entry/P49238
CX3CR1	missense_variant		1383523018						P49238	CX3C chemokine receptor 1	Homo sapiens	Encontrado	https://alphafold.ebi.ac.uk/entry/P49238
CX3CR1	missense_variant		1385585701						P49238	CX3C chemokine receptor 1	Homo sapiens	Encontrado	https://alphafold.ebi.ac.uk/entry/P49238
CX3CR1	missense_variant		1385705098						P49238	CX3C chemokine receptor 1	Homo sapiens	Encontrado	https://alphafold.ebi.ac.uk/entry/P49238
CX3CR1	missense_variant		1389011702						P49238	CX3C chemokine receptor 1	Homo sapiens	Encontrado	https://alphafold.ebi.ac.uk/entry/P49238
CX3CR1	missense_variant	likely benign	139019894	P49238	rs139019894	D25G	0.324		P49238	CX3C chemokine receptor 1	Homo sapiens	Encontrado	https://alphafold.ebi.ac.uk/entry/P49238
CX3CR1	missense_variant	likely benign	139019894	P49238	rs139019894	D25G	0.25		P49238	CX3C chemokine receptor 1	Homo sapiens	Encontrado	https://alphafold.ebi.ac.uk/entry/P49238
CX3CR1	missense_variant		1412152146						P49238	CX3C chemokine receptor 1	Homo sapiens	Encontrado	https://alphafold.ebi.ac.uk/entry/P49238
CX3CR1	missense_variant		1414105183						P49238	CX3C chemokine receptor 1	Homo sapiens	Encontrado	https://alphafold.ebi.ac.uk/entry/P49238
CX3CR1	missense_variant		142211026						P49238	CX3C chemokine receptor 1	Homo sapiens	Encontrado	https://alphafold.ebi.ac.uk/entry/P49238
CX3CR1	missense_variant		1426470992						P49238	CX3C chemokine receptor 1	Homo sapiens	Encontrado	https://alphafold.ebi.ac.uk/entry/P49238
CX3CR1	missense_variant		143001773						P49238	CX3C chemokine receptor 1	Homo sapiens	Encontrado	https://alphafold.ebi.ac.uk/entry/P49238
CX3CR1	missense_variant		1436860421						P49238	CX3C chemokine receptor 1	Homo sapiens	Encontrado	https://alphafold.ebi.ac.uk/entry/P49238
CX3CR1	missense_variant		1445661895						P49238	CX3C chemokine receptor 1	Homo sapiens	Encontrado	https://alphafold.ebi.ac.uk/entry/P49238
CX3CR1	missense_variant		1446509546						P49238	CX3C chemokine receptor 1	Homo sapiens	Encontrado	https://alphafold.ebi.ac.uk/entry/P49238
CX3CR1	missense_variant		1448635296						P49238	CX3C chemokine receptor 1	Homo sapiens	Encontrado	https://alphafold.ebi.ac.uk/entry/P49238
CX3CR1	missense_variant		1456878846	P49238	rs1456878846	V314A	0.003		P49238	CX3C chemokine receptor 1	Homo sapiens	Encontrado	https://alphafold.ebi.ac.uk/entry/P49238
CX3CR1	missense_variant		1456878846	P49238	rs1456878846	V314A	0.4		P49238	CX3C chemokine receptor 1	Homo sapiens	Encontrado	https://alphafold.ebi.ac.uk/entry/P49238
CX3CR1	missense_variant		1456878846	P49238	rs1456878846	V314A	0.0		P49238	CX3C chemokine receptor 1	Homo sapiens	Encontrado	https://alphafold.ebi.ac.uk/entry/P49238
CX3CR1	missense_variant		1456878846	P49238	rs1456878846	V314A	0.17		P49238	CX3C chemokine receptor 1	Homo sapiens	Encontrado	https://alphafold.ebi.ac.uk/entry/P49238
CX3CR1	missense_variant	uncertain significance	1457393354						P49238	CX3C chemokine receptor 1	Homo sapiens	Encontrado	https://alphafold.ebi.ac.uk/entry/P49238
CX3CR1	missense_variant		1458414725						P49238	CX3C chemokine receptor 1	Homo sapiens	Encontrado	https://alphafold.ebi.ac.uk/entry/P49238
CX3CR1	missense_variant	uncertain significance, benign	147724093						P49238	CX3C chemokine receptor 1	Homo sapiens	Encontrado	https://alphafold.ebi.ac.uk/entry/P49238
CX3CR1	missense_variant		1477667757						P49238	CX3C chemokine receptor 1	Homo sapiens	Encontrado	https://alphafold.ebi.ac.uk/entry/P49238
CX3CR1	missense_variant		1478642082						P49238	CX3C chemokine receptor 1	Homo sapiens	Encontrado	https://alphafold.ebi.ac.uk/entry/P49238
CX3CR1	missense_variant		1480522776						P49238	CX3C chemokine receptor 1	Homo sapiens	Encontrado	https://alphafold.ebi.ac.uk/entry/P49238
CX3CR1	missense_variant		1482813857						P49238	CX3C chemokine receptor 1	Homo sapiens	Encontrado	https://alphafold.ebi.ac.uk/entry/P49238
CX3CR1	missense_variant		1490725718						P49238	CX3C chemokine receptor 1	Homo sapiens	Encontrado	https://alphafold.ebi.ac.uk/entry/P49238
CX3CR1	missense_variant		149456270						P49238	CX3C chemokine receptor 1	Homo sapiens	Encontrado	https://alphafold.ebi.ac.uk/entry/P49238
CX3CR1	missense_variant	uncertain significance	150319988	P49238	rs150319988	R318C	0.248		P49238	CX3C chemokine receptor 1	Homo sapiens	Encontrado	https://alphafold.ebi.ac.uk/entry/P49238
CX3CR1	missense_variant	uncertain significance	150319988	P49238	rs150319988	R318C	0.2		P49238	CX3C chemokine receptor 1	Homo sapiens	Encontrado	https://alphafold.ebi.ac.uk/entry/P49238
CX3CR1	missense_variant		1559776044						P49238	CX3C chemokine receptor 1	Homo sapiens	Encontrado	https://alphafold.ebi.ac.uk/entry/P49238
CX3CR1	missense_variant		1575205396						P49238	CX3C chemokine receptor 1	Homo sapiens	Encontrado	https://alphafold.ebi.ac.uk/entry/P49238
CX3CR1	missense_variant		1575206012						P49238	CX3C chemokine receptor 1	Homo sapiens	Encontrado	https://alphafold.ebi.ac.uk/entry/P49238
CX3CR1	missense_variant		1575206025						P49238	CX3C chemokine receptor 1	Homo sapiens	Encontrado	https://alphafold.ebi.ac.uk/entry/P49238
CX3CR1	missense_variant		1575206236						P49238	CX3C chemokine receptor 1	Homo sapiens	Encontrado	https://alphafold.ebi.ac.uk/entry/P49238
CX3CR1	missense_variant		183530704						P49238	CX3C chemokine receptor 1	Homo sapiens	Encontrado	https://alphafold.ebi.ac.uk/entry/P49238
CX3CR1	missense_variant		187806548						P49238	CX3C chemokine receptor 1	Homo sapiens	Encontrado	https://alphafold.ebi.ac.uk/entry/P49238
CX3CR1	missense_variant		188572043						P49238	CX3C chemokine receptor 1	Homo sapiens	Encontrado	https://alphafold.ebi.ac.uk/entry/P49238
CX3CR1	missense_variant		199498980						P49238	CX3C chemokine receptor 1	Homo sapiens	Encontrado	https://alphafold.ebi.ac.uk/entry/P49238
CX3CR1	missense_variant	uncertain significance	199518542						P49238	CX3C chemokine receptor 1	Homo sapiens	Encontrado	https://alphafold.ebi.ac.uk/entry/P49238
CX3CR1	missense_variant	likely benign	199811198						P49238	CX3C chemokine receptor 1	Homo sapiens	Encontrado	https://alphafold.ebi.ac.uk/entry/P49238
CX3CR1	missense_variant		199959056						P49238	CX3C chemokine receptor 1	Homo sapiens	Encontrado	https://alphafold.ebi.ac.uk/entry/P49238
CX3CR1	missense_variant		200027569						P49238	CX3C chemokine receptor 1	Homo sapiens	Encontrado	https://alphafold.ebi.ac.uk/entry/P49238
CX3CR1	missense_variant		200139865	P49238	rs200139865	V27M	0.052		P49238	CX3C chemokine receptor 1	Homo sapiens	Encontrado	https://alphafold.ebi.ac.uk/entry/P49238
CX3CR1	missense_variant		200139865	P49238	rs200139865	V27M	0.04		P49238	CX3C chemokine receptor 1	Homo sapiens	Encontrado	https://alphafold.ebi.ac.uk/entry/P49238
CX3CR1	missense_variant		200139865	P49238	rs200139865	V27M	0.319		P49238	CX3C chemokine receptor 1	Homo sapiens	Encontrado	https://alphafold.ebi.ac.uk/entry/P49238
CX3CR1	missense_variant		200139865	P49238	rs200139865	V27M	0.05		P49238	CX3C chemokine receptor 1	Homo sapiens	Encontrado	https://alphafold.ebi.ac.uk/entry/P49238
CX3CR1	missense_variant	likely benign	200607201	P49238	rs200607201	R191C	0.019		P49238	CX3C chemokine receptor 1	Homo sapiens	Encontrado	https://alphafold.ebi.ac.uk/entry/P49238
CX3CR1	missense_variant	likely benign	200607201	P49238	rs200607201	R191C	0.28		P49238	CX3C chemokine receptor 1	Homo sapiens	Encontrado	https://alphafold.ebi.ac.uk/entry/P49238
CX3CR1	missense_variant		201179424						P49238	CX3C chemokine receptor 1	Homo sapiens	Encontrado	https://alphafold.ebi.ac.uk/entry/P49238
CX3CR1	missense_variant	likely benign	201442030	P49238	rs201442030	G112A	0.814		P49238	CX3C chemokine receptor 1	Homo sapiens	Encontrado	https://alphafold.ebi.ac.uk/entry/P49238
CX3CR1	missense_variant	likely benign	201442030	P49238	rs201442030	G112A	0.02		P49238	CX3C chemokine receptor 1	Homo sapiens	Encontrado	https://alphafold.ebi.ac.uk/entry/P49238
CX3CR1	missense_variant		201878012						P49238	CX3C chemokine receptor 1	Homo sapiens	Encontrado	https://alphafold.ebi.ac.uk/entry/P49238
CX3CR1	missense_variant		2040682372						P49238	CX3C chemokine receptor 1	Homo sapiens	Encontrado	https://alphafold.ebi.ac.uk/entry/P49238
CX3CR1	missense_variant		2040682501						P49238	CX3C chemokine receptor 1	Homo sapiens	Encontrado	https://alphafold.ebi.ac.uk/entry/P49238
CX3CR1	missense_variant		2040682649						P49238	CX3C chemokine receptor 1	Homo sapiens	Encontrado	https://alphafold.ebi.ac.uk/entry/P49238
CX3CR1	missense_variant		2040684098						P49238	CX3C chemokine receptor 1	Homo sapiens	Encontrado	https://alphafold.ebi.ac.uk/entry/P49238
CX3CR1	missense_variant		2040684183						P49238	CX3C chemokine receptor 1	Homo sapiens	Encontrado	https://alphafold.ebi.ac.uk/entry/P49238
CX3CR1	missense_variant		2040684258						P49238	CX3C chemokine receptor 1	Homo sapiens	Encontrado	https://alphafold.ebi.ac.uk/entry/P49238
CX3CR1	missense_variant		2040684470						P49238	CX3C chemokine receptor 1	Homo sapiens	Encontrado	https://alphafold.ebi.ac.uk/entry/P49238
CX3CR1	missense_variant		2040684510						P49238	CX3C chemokine receptor 1	Homo sapiens	Encontrado	https://alphafold.ebi.ac.uk/entry/P49238
CX3CR1	missense_variant		2040684883						P49238	CX3C chemokine receptor 1	Homo sapiens	Encontrado	https://alphafold.ebi.ac.uk/entry/P49238
CX3CR1	missense_variant		2040685167						P49238	CX3C chemokine receptor 1	Homo sapiens	Encontrado	https://alphafold.ebi.ac.uk/entry/P49238
CX3CR1	missense_variant		2040685290						P49238	CX3C chemokine receptor 1	Homo sapiens	Encontrado	https://alphafold.ebi.ac.uk/entry/P49238
CX3CR1	missense_variant		2040685815						P49238	CX3C chemokine receptor 1	Homo sapiens	Encontrado	https://alphafold.ebi.ac.uk/entry/P49238
CX3CR1	missense_variant		2040686024						P49238	CX3C chemokine receptor 1	Homo sapiens	Encontrado	https://alphafold.ebi.ac.uk/entry/P49238
CX3CR1	missense_variant		2040686217						P49238	CX3C chemokine receptor 1	Homo sapiens	Encontrado	https://alphafold.ebi.ac.uk/entry/P49238
CX3CR1	missense_variant		2040686702						P49238	CX3C chemokine receptor 1	Homo sapiens	Encontrado	https://alphafold.ebi.ac.uk/entry/P49238
CX3CR1	missense_variant		2040687466						P49238	CX3C chemokine receptor 1	Homo sapiens	Encontrado	https://alphafold.ebi.ac.uk/entry/P49238
CX3CR1	missense_variant		2040687714						P49238	CX3C chemokine receptor 1	Homo sapiens	Encontrado	https://alphafold.ebi.ac.uk/entry/P49238
CX3CR1	missense_variant		2040687789						P49238	CX3C chemokine receptor 1	Homo sapiens	Encontrado	https://alphafold.ebi.ac.uk/entry/P49238
CX3CR1	missense_variant		2040687906						P49238	CX3C chemokine receptor 1	Homo sapiens	Encontrado	https://alphafold.ebi.ac.uk/entry/P49238
CX3CR1	missense_variant		2040688170						P49238	CX3C chemokine receptor 1	Homo sapiens	Encontrado	https://alphafold.ebi.ac.uk/entry/P49238
CX3CR1	missense_variant		2040689184						P49238	CX3C chemokine receptor 1	Homo sapiens	Encontrado	https://alphafold.ebi.ac.uk/entry/P49238
CX3CR1	missense_variant		2040689293						P49238	CX3C chemokine receptor 1	Homo sapiens	Encontrado	https://alphafold.ebi.ac.uk/entry/P49238
CX3CR1	missense_variant		2040690137						P49238	CX3C chemokine receptor 1	Homo sapiens	Encontrado	https://alphafold.ebi.ac.uk/entry/P49238
CX3CR1	missense_variant		2040690172						P49238	CX3C chemokine receptor 1	Homo sapiens	Encontrado	https://alphafold.ebi.ac.uk/entry/P49238
CX3CR1	missense_variant		2040691203						P49238	CX3C chemokine receptor 1	Homo sapiens	Encontrado	https://alphafold.ebi.ac.uk/entry/P49238
CX3CR1	missense_variant		2040691322						P49238	CX3C chemokine receptor 1	Homo sapiens	Encontrado	https://alphafold.ebi.ac.uk/entry/P49238
CX3CR1	missense_variant		2040691427						P49238	CX3C chemokine receptor 1	Homo sapiens	Encontrado	https://alphafold.ebi.ac.uk/entry/P49238
CX3CR1	missense_variant		2040692006						P49238	CX3C chemokine receptor 1	Homo sapiens	Encontrado	https://alphafold.ebi.ac.uk/entry/P49238
CX3CR1	missense_variant		2040692126						P49238	CX3C chemokine receptor 1	Homo sapiens	Encontrado	https://alphafold.ebi.ac.uk/entry/P49238
CX3CR1	missense_variant		2040695777						P49238	CX3C chemokine receptor 1	Homo sapiens	Encontrado	https://alphafold.ebi.ac.uk/entry/P49238
CX3CR1	missense_variant		2040695818						P49238	CX3C chemokine receptor 1	Homo sapiens	Encontrado	https://alphafold.ebi.ac.uk/entry/P49238
CX3CR1	missense_variant		2040695944						P49238	CX3C chemokine receptor 1	Homo sapiens	Encontrado	https://alphafold.ebi.ac.uk/entry/P49238
CX3CR1	missense_variant		2040696307						P49238	CX3C chemokine receptor 1	Homo sapiens	Encontrado	https://alphafold.ebi.ac.uk/entry/P49238
CX3CR1	missense_variant		2040696615						P49238	CX3C chemokine receptor 1	Homo sapiens	Encontrado	https://alphafold.ebi.ac.uk/entry/P49238
CX3CR1	missense_variant		2040697019						P49238	CX3C chemokine receptor 1	Homo sapiens	Encontrado	https://alphafold.ebi.ac.uk/entry/P49238
CX3CR1	missense_variant		2040697648						P49238	CX3C chemokine receptor 1	Homo sapiens	Encontrado	https://alphafold.ebi.ac.uk/entry/P49238
CX3CR1	missense_variant		2040698334						P49238	CX3C chemokine receptor 1	Homo sapiens	Encontrado	https://alphafold.ebi.ac.uk/entry/P49238
CX3CR1	missense_variant		2040698483						P49238	CX3C chemokine receptor 1	Homo sapiens	Encontrado	https://alphafold.ebi.ac.uk/entry/P49238
CX3CR1	missense_variant		2040698780						P49238	CX3C chemokine receptor 1	Homo sapiens	Encontrado	https://alphafold.ebi.ac.uk/entry/P49238
CX3CR1	missense_variant		2040699829						P49238	CX3C chemokine receptor 1	Homo sapiens	Encontrado	https://alphafold.ebi.ac.uk/entry/P49238
CX3CR1	missense_variant		2040700438						P49238	CX3C chemokine receptor 1	Homo sapiens	Encontrado	https://alphafold.ebi.ac.uk/entry/P49238
CX3CR1	missense_variant		2040700814						P49238	CX3C chemokine receptor 1	Homo sapiens	Encontrado	https://alphafold.ebi.ac.uk/entry/P49238
CX3CR1	missense_variant		2040701425						P49238	CX3C chemokine receptor 1	Homo sapiens	Encontrado	https://alphafold.ebi.ac.uk/entry/P49238
CX3CR1	missense_variant		2040702299						P49238	CX3C chemokine receptor 1	Homo sapiens	Encontrado	https://alphafold.ebi.ac.uk/entry/P49238
CX3CR1	missense_variant		2040702499						P49238	CX3C chemokine receptor 1	Homo sapiens	Encontrado	https://alphafold.ebi.ac.uk/entry/P49238
CX3CR1	missense_variant		2040702571						P49238	CX3C chemokine receptor 1	Homo sapiens	Encontrado	https://alphafold.ebi.ac.uk/entry/P49238
CX3CR1	missense_variant		2040702693						P49238	CX3C chemokine receptor 1	Homo sapiens	Encontrado	https://alphafold.ebi.ac.uk/entry/P49238
CX3CR1	missense_variant		2040702830						P49238	CX3C chemokine receptor 1	Homo sapiens	Encontrado	https://alphafold.ebi.ac.uk/entry/P49238
CX3CR1	missense_variant		2040900154						P49238	CX3C chemokine receptor 1	Homo sapiens	Encontrado	https://alphafold.ebi.ac.uk/entry/P49238
CX3CR1	missense_variant		2040900187						P49238	CX3C chemokine receptor 1	Homo sapiens	Encontrado	https://alphafold.ebi.ac.uk/entry/P49238
CX3CR1	missense_variant		2040900241						P49238	CX3C chemokine receptor 1	Homo sapiens	Encontrado	https://alphafold.ebi.ac.uk/entry/P49238
CX3CR1	missense_variant		2040900397						P49238	CX3C chemokine receptor 1	Homo sapiens	Encontrado	https://alphafold.ebi.ac.uk/entry/P49238
CX3CR1	missense_variant		2040900483						P49238	CX3C chemokine receptor 1	Homo sapiens	Encontrado	https://alphafold.ebi.ac.uk/entry/P49238
CX3CR1	missense_variant		2040901187						P49238	CX3C chemokine receptor 1	Homo sapiens	Encontrado	https://alphafold.ebi.ac.uk/entry/P49238
CX3CR1	missense_variant		2040901498						P49238	CX3C chemokine receptor 1	Homo sapiens	Encontrado	https://alphafold.ebi.ac.uk/entry/P49238
CX3CR1	missense_variant		2125549027						P49238	CX3C chemokine receptor 1	Homo sapiens	Encontrado	https://alphafold.ebi.ac.uk/entry/P49238
CX3CR1	missense_variant		2125549037						P49238	CX3C chemokine receptor 1	Homo sapiens	Encontrado	https://alphafold.ebi.ac.uk/entry/P49238
CX3CR1	missense_variant		2125549078						P49238	CX3C chemokine receptor 1	Homo sapiens	Encontrado	https://alphafold.ebi.ac.uk/entry/P49238
CX3CR1	missense_variant		2125549245						P49238	CX3C chemokine receptor 1	Homo sapiens	Encontrado	https://alphafold.ebi.ac.uk/entry/P49238
CX3CR1	missense_variant		2125549560						P49238	CX3C chemokine receptor 1	Homo sapiens	Encontrado	https://alphafold.ebi.ac.uk/entry/P49238
CX3CR1	missense_variant		2125549587						P49238	CX3C chemokine receptor 1	Homo sapiens	Encontrado	https://alphafold.ebi.ac.uk/entry/P49238
CX3CR1	missense_variant		2125549711						P49238	CX3C chemokine receptor 1	Homo sapiens	Encontrado	https://alphafold.ebi.ac.uk/entry/P49238
CX3CR1	missense_variant		2125549748						P49238	CX3C chemokine receptor 1	Homo sapiens	Encontrado	https://alphafold.ebi.ac.uk/entry/P49238
CX3CR1	missense_variant		2125549917						P49238	CX3C chemokine receptor 1	Homo sapiens	Encontrado	https://alphafold.ebi.ac.uk/entry/P49238
CX3CR1	missense_variant		2125549920						P49238	CX3C chemokine receptor 1	Homo sapiens	Encontrado	https://alphafold.ebi.ac.uk/entry/P49238
CX3CR1	missense_variant		2125549979						P49238	CX3C chemokine receptor 1	Homo sapiens	Encontrado	https://alphafold.ebi.ac.uk/entry/P49238
CX3CR1	missense_variant		2125550041						P49238	CX3C chemokine receptor 1	Homo sapiens	Encontrado	https://alphafold.ebi.ac.uk/entry/P49238
CX3CR1	missense_variant		2125557862						P49238	CX3C chemokine receptor 1	Homo sapiens	Encontrado	https://alphafold.ebi.ac.uk/entry/P49238
CX3CR1	missense_variant		2125557865						P49238	CX3C chemokine receptor 1	Homo sapiens	Encontrado	https://alphafold.ebi.ac.uk/entry/P49238
CX3CR1	missense_variant	uncertain significance	2471581573	P49238	rs2471581573	W244C	0.999		P49238	CX3C chemokine receptor 1	Homo sapiens	Encontrado	https://alphafold.ebi.ac.uk/entry/P49238
CX3CR1	missense_variant	uncertain significance	2471581573	P49238	rs2471581573	W244C	0.0		P49238	CX3C chemokine receptor 1	Homo sapiens	Encontrado	https://alphafold.ebi.ac.uk/entry/P49238
CX3CR1	missense_variant	uncertain significance	2471582065						P49238	CX3C chemokine receptor 1	Homo sapiens	Encontrado	https://alphafold.ebi.ac.uk/entry/P49238
CX3CR1	missense_variant	uncertain significance	2471582540	P49238	rs2471582540	D126Y	0.999		P49238	CX3C chemokine receptor 1	Homo sapiens	Encontrado	https://alphafold.ebi.ac.uk/entry/P49238
CX3CR1	missense_variant	uncertain significance	2471582540	P49238	rs2471582540	D126Y	0.0		P49238	CX3C chemokine receptor 1	Homo sapiens	Encontrado	https://alphafold.ebi.ac.uk/entry/P49238
CX3CR1	missense_variant		367827486						P49238	CX3C chemokine receptor 1	Homo sapiens	Encontrado	https://alphafold.ebi.ac.uk/entry/P49238
CX3CR1	missense_variant		369018912						P49238	CX3C chemokine receptor 1	Homo sapiens	Encontrado	https://alphafold.ebi.ac.uk/entry/P49238
CX3CR1	missense_variant		370155154						P49238	CX3C chemokine receptor 1	Homo sapiens	Encontrado	https://alphafold.ebi.ac.uk/entry/P49238
CX3CR1	missense_variant	uncertain significance	370799413	P49238	rs370799413	A162G	0.204		P49238	CX3C chemokine receptor 1	Homo sapiens	Encontrado	https://alphafold.ebi.ac.uk/entry/P49238
CX3CR1	missense_variant	uncertain significance	370799413	P49238	rs370799413	A162G	0.0		P49238	CX3C chemokine receptor 1	Homo sapiens	Encontrado	https://alphafold.ebi.ac.uk/entry/P49238
CX3CR1	missense_variant	uncertain significance	370799413	P49238	rs370799413	A162V	0.02		P49238	CX3C chemokine receptor 1	Homo sapiens	Encontrado	https://alphafold.ebi.ac.uk/entry/P49238
CX3CR1	missense_variant	uncertain significance	370799413	P49238	rs370799413	A162V	1.0		P49238	CX3C chemokine receptor 1	Homo sapiens	Encontrado	https://alphafold.ebi.ac.uk/entry/P49238
CX3CR1	missense_variant		370996490						P49238	CX3C chemokine receptor 1	Homo sapiens	Encontrado	https://alphafold.ebi.ac.uk/entry/P49238
CX3CR1	missense_variant	uncertain significance	372076589	P49238	rs372076589	F119S	0.999		P49238	CX3C chemokine receptor 1	Homo sapiens	Encontrado	https://alphafold.ebi.ac.uk/entry/P49238
CX3CR1	missense_variant	uncertain significance	372076589	P49238	rs372076589	F119S	0.0		P49238	CX3C chemokine receptor 1	Homo sapiens	Encontrado	https://alphafold.ebi.ac.uk/entry/P49238
CX3CR1	missense_variant		372388836						P49238	CX3C chemokine receptor 1	Homo sapiens	Encontrado	https://alphafold.ebi.ac.uk/entry/P49238
CX3CR1	missense_variant		373233918	P49238	rs373233918	D15N	0.383		P49238	CX3C chemokine receptor 1	Homo sapiens	Encontrado	https://alphafold.ebi.ac.uk/entry/P49238
CX3CR1	missense_variant		373233918	P49238	rs373233918	D15N	0.16		P49238	CX3C chemokine receptor 1	Homo sapiens	Encontrado	https://alphafold.ebi.ac.uk/entry/P49238
CX3CR1	missense_variant		373233918	P49238	rs373233918	D15N	0.269		P49238	CX3C chemokine receptor 1	Homo sapiens	Encontrado	https://alphafold.ebi.ac.uk/entry/P49238
CX3CR1	missense_variant		373233918	P49238	rs373233918	D15N	0.1		P49238	CX3C chemokine receptor 1	Homo sapiens	Encontrado	https://alphafold.ebi.ac.uk/entry/P49238
CX3CR1	missense_variant	pathogenic, risk factor, protective	3732378						P49238	CX3C chemokine receptor 1	Homo sapiens	Encontrado	https://alphafold.ebi.ac.uk/entry/P49238
CX3CR1	missense_variant	pathogenic, risk factor, protective	3732379						P49238	CX3C chemokine receptor 1	Homo sapiens	Encontrado	https://alphafold.ebi.ac.uk/entry/P49238
CX3CR1	missense_variant		3732380						P49238	CX3C chemokine receptor 1	Homo sapiens	Encontrado	https://alphafold.ebi.ac.uk/entry/P49238
CX3CR1	missense_variant		373292400						P49238	CX3C chemokine receptor 1	Homo sapiens	Encontrado	https://alphafold.ebi.ac.uk/entry/P49238
CX3CR1	missense_variant		374664955						P49238	CX3C chemokine receptor 1	Homo sapiens	Encontrado	https://alphafold.ebi.ac.uk/entry/P49238
CX3CR1	missense_variant		375338951	P49238	rs375338951	T255M	0.98		P49238	CX3C chemokine receptor 1	Homo sapiens	Encontrado	https://alphafold.ebi.ac.uk/entry/P49238
CX3CR1	missense_variant		375338951	P49238	rs375338951	T255M	0.05		P49238	CX3C chemokine receptor 1	Homo sapiens	Encontrado	https://alphafold.ebi.ac.uk/entry/P49238
CX3CR1	missense_variant		375338951	P49238	rs375338951	T255M	0.838		P49238	CX3C chemokine receptor 1	Homo sapiens	Encontrado	https://alphafold.ebi.ac.uk/entry/P49238
CX3CR1	missense_variant		375338951	P49238	rs375338951	T255M	0.03		P49238	CX3C chemokine receptor 1	Homo sapiens	Encontrado	https://alphafold.ebi.ac.uk/entry/P49238
CX3CR1	missense_variant	likely benign	376411124						P49238	CX3C chemokine receptor 1	Homo sapiens	Encontrado	https://alphafold.ebi.ac.uk/entry/P49238
CX3CR1	missense_variant		376455816						P49238	CX3C chemokine receptor 1	Homo sapiens	Encontrado	https://alphafold.ebi.ac.uk/entry/P49238
CX3CR1	missense_variant		376491318						P49238	CX3C chemokine receptor 1	Homo sapiens	Encontrado	https://alphafold.ebi.ac.uk/entry/P49238
CX3CR1	missense_variant		377416733						P49238	CX3C chemokine receptor 1	Homo sapiens	Encontrado	https://alphafold.ebi.ac.uk/entry/P49238
CX3CR1	missense_variant	benign	41535248						P49238	CX3C chemokine receptor 1	Homo sapiens	Encontrado	https://alphafold.ebi.ac.uk/entry/P49238
CX3CR1	missense_variant		531534991						P49238	CX3C chemokine receptor 1	Homo sapiens	Encontrado	https://alphafold.ebi.ac.uk/entry/P49238
CX3CR1	missense_variant		534344905						P49238	CX3C chemokine receptor 1	Homo sapiens	Encontrado	https://alphafold.ebi.ac.uk/entry/P49238
CX3CR1	missense_variant	uncertain significance	535968351	P49238	rs535968351	A107T	0.887		P49238	CX3C chemokine receptor 1	Homo sapiens	Encontrado	https://alphafold.ebi.ac.uk/entry/P49238
CX3CR1	missense_variant	uncertain significance	535968351	P49238	rs535968351	A107T	0.23		P49238	CX3C chemokine receptor 1	Homo sapiens	Encontrado	https://alphafold.ebi.ac.uk/entry/P49238
CX3CR1	missense_variant		536137619						P49238	CX3C chemokine receptor 1	Homo sapiens	Encontrado	https://alphafold.ebi.ac.uk/entry/P49238
CX3CR1	missense_variant	uncertain significance	542002411	P49238	rs542002411	T278A	0.05		P49238	CX3C chemokine receptor 1	Homo sapiens	Encontrado	https://alphafold.ebi.ac.uk/entry/P49238
CX3CR1	missense_variant	uncertain significance	542002411	P49238	rs542002411	T278A	0.02		P49238	CX3C chemokine receptor 1	Homo sapiens	Encontrado	https://alphafold.ebi.ac.uk/entry/P49238
CX3CR1	missense_variant		546452868						P49238	CX3C chemokine receptor 1	Homo sapiens	Encontrado	https://alphafold.ebi.ac.uk/entry/P49238
CX3CR1	missense_variant		552064033						P49238	CX3C chemokine receptor 1	Homo sapiens	Encontrado	https://alphafold.ebi.ac.uk/entry/P49238
CX3CR1	missense_variant		555601944						P49238	CX3C chemokine receptor 1	Homo sapiens	Encontrado	https://alphafold.ebi.ac.uk/entry/P49238
CX3CR1	missense_variant		555964469						P49238	CX3C chemokine receptor 1	Homo sapiens	Encontrado	https://alphafold.ebi.ac.uk/entry/P49238
CX3CR1	missense_variant	uncertain significance	560958898						P49238	CX3C chemokine receptor 1	Homo sapiens	Encontrado	https://alphafold.ebi.ac.uk/entry/P49238
CX3CR1	missense_variant	benign	56181422						P49238	CX3C chemokine receptor 1	Homo sapiens	Encontrado	https://alphafold.ebi.ac.uk/entry/P49238
CX3CR1	missense_variant		577452853						P49238	CX3C chemokine receptor 1	Homo sapiens	Encontrado	https://alphafold.ebi.ac.uk/entry/P49238
CX3CR1	missense_variant		578017468						P49238	CX3C chemokine receptor 1	Homo sapiens	Encontrado	https://alphafold.ebi.ac.uk/entry/P49238
CX3CR1	missense_variant		745383676						P49238	CX3C chemokine receptor 1	Homo sapiens	Encontrado	https://alphafold.ebi.ac.uk/entry/P49238
CX3CR1	missense_variant		746199750						P49238	CX3C chemokine receptor 1	Homo sapiens	Encontrado	https://alphafold.ebi.ac.uk/entry/P49238
CX3CR1	missense_variant		747517244						P49238	CX3C chemokine receptor 1	Homo sapiens	Encontrado	https://alphafold.ebi.ac.uk/entry/P49238
CX3CR1	missense_variant		747990309						P49238	CX3C chemokine receptor 1	Homo sapiens	Encontrado	https://alphafold.ebi.ac.uk/entry/P49238
CX3CR1	missense_variant		748191347						P49238	CX3C chemokine receptor 1	Homo sapiens	Encontrado	https://alphafold.ebi.ac.uk/entry/P49238
CX3CR1	missense_variant		748219184	P49238	rs748219184	A135T	0.027		P49238	CX3C chemokine receptor 1	Homo sapiens	Encontrado	https://alphafold.ebi.ac.uk/entry/P49238
CX3CR1	missense_variant		748219184	P49238	rs748219184	A135T	0.44		P49238	CX3C chemokine receptor 1	Homo sapiens	Encontrado	https://alphafold.ebi.ac.uk/entry/P49238
CX3CR1	missense_variant		748219184	P49238	rs748219184	A135T	0.033		P49238	CX3C chemokine receptor 1	Homo sapiens	Encontrado	https://alphafold.ebi.ac.uk/entry/P49238
CX3CR1	missense_variant		748219184	P49238	rs748219184	A135T	0.96		P49238	CX3C chemokine receptor 1	Homo sapiens	Encontrado	https://alphafold.ebi.ac.uk/entry/P49238
CX3CR1	missense_variant		748705144						P49238	CX3C chemokine receptor 1	Homo sapiens	Encontrado	https://alphafold.ebi.ac.uk/entry/P49238
CX3CR1	missense_variant		749013292						P49238	CX3C chemokine receptor 1	Homo sapiens	Encontrado	https://alphafold.ebi.ac.uk/entry/P49238
CX3CR1	missense_variant		749735693						P49238	CX3C chemokine receptor 1	Homo sapiens	Encontrado	https://alphafold.ebi.ac.uk/entry/P49238
CX3CR1	missense_variant		749885250						P49238	CX3C chemokine receptor 1	Homo sapiens	Encontrado	https://alphafold.ebi.ac.uk/entry/P49238
CX3CR1	missense_variant		750187561						P49238	CX3C chemokine receptor 1	Homo sapiens	Encontrado	https://alphafold.ebi.ac.uk/entry/P49238
CX3CR1	missense_variant		750193930						P49238	CX3C chemokine receptor 1	Homo sapiens	Encontrado	https://alphafold.ebi.ac.uk/entry/P49238
CX3CR1	missense_variant		750523600						P49238	CX3C chemokine receptor 1	Homo sapiens	Encontrado	https://alphafold.ebi.ac.uk/entry/P49238
CX3CR1	missense_variant		750585901						P49238	CX3C chemokine receptor 1	Homo sapiens	Encontrado	https://alphafold.ebi.ac.uk/entry/P49238
CX3CR1	missense_variant		751023067						P49238	CX3C chemokine receptor 1	Homo sapiens	Encontrado	https://alphafold.ebi.ac.uk/entry/P49238
CX3CR1	missense_variant		751159757						P49238	CX3C chemokine receptor 1	Homo sapiens	Encontrado	https://alphafold.ebi.ac.uk/entry/P49238
CX3CR1	missense_variant		751477915						P49238	CX3C chemokine receptor 1	Homo sapiens	Encontrado	https://alphafold.ebi.ac.uk/entry/P49238
CX3CR1	missense_variant		751730128						P49238	CX3C chemokine receptor 1	Homo sapiens	Encontrado	https://alphafold.ebi.ac.uk/entry/P49238
CX3CR1	missense_variant		751936998						P49238	CX3C chemokine receptor 1	Homo sapiens	Encontrado	https://alphafold.ebi.ac.uk/entry/P49238
CX3CR1	missense_variant		752215576						P49238	CX3C chemokine receptor 1	Homo sapiens	Encontrado	https://alphafold.ebi.ac.uk/entry/P49238
CX3CR1	missense_variant		752967506						P49238	CX3C chemokine receptor 1	Homo sapiens	Encontrado	https://alphafold.ebi.ac.uk/entry/P49238
CX3CR1	missense_variant		753299596						P49238	CX3C chemokine receptor 1	Homo sapiens	Encontrado	https://alphafold.ebi.ac.uk/entry/P49238
CX3CR1	missense_variant		753866039	P49238	rs753866039	S59N	0.723		P49238	CX3C chemokine receptor 1	Homo sapiens	Encontrado	https://alphafold.ebi.ac.uk/entry/P49238
CX3CR1	missense_variant		753866039	P49238	rs753866039	S59N	0.39		P49238	CX3C chemokine receptor 1	Homo sapiens	Encontrado	https://alphafold.ebi.ac.uk/entry/P49238
CX3CR1	missense_variant		753866039	P49238	rs753866039	S59N	0.569		P49238	CX3C chemokine receptor 1	Homo sapiens	Encontrado	https://alphafold.ebi.ac.uk/entry/P49238
CX3CR1	missense_variant		753866039	P49238	rs753866039	S59N	0.44		P49238	CX3C chemokine receptor 1	Homo sapiens	Encontrado	https://alphafold.ebi.ac.uk/entry/P49238
CX3CR1	missense_variant		754530168						P49238	CX3C chemokine receptor 1	Homo sapiens	Encontrado	https://alphafold.ebi.ac.uk/entry/P49238
CX3CR1	missense_variant		754549648						P49238	CX3C chemokine receptor 1	Homo sapiens	Encontrado	https://alphafold.ebi.ac.uk/entry/P49238
CX3CR1	missense_variant		755184130						P49238	CX3C chemokine receptor 1	Homo sapiens	Encontrado	https://alphafold.ebi.ac.uk/entry/P49238
CX3CR1	missense_variant		755482177						P49238	CX3C chemokine receptor 1	Homo sapiens	Encontrado	https://alphafold.ebi.ac.uk/entry/P49238
CX3CR1	missense_variant	uncertain significance	756353554	P49238	rs756353554	K225N	0.947		P49238	CX3C chemokine receptor 1	Homo sapiens	Encontrado	https://alphafold.ebi.ac.uk/entry/P49238
CX3CR1	missense_variant	uncertain significance	756353554	P49238	rs756353554	K225N	0.0		P49238	CX3C chemokine receptor 1	Homo sapiens	Encontrado	https://alphafold.ebi.ac.uk/entry/P49238
CX3CR1	missense_variant	uncertain significance	756353554	P49238	rs756353554	K225N	0.95		P49238	CX3C chemokine receptor 1	Homo sapiens	Encontrado	https://alphafold.ebi.ac.uk/entry/P49238
CX3CR1	missense_variant	uncertain significance	756353554	P49238	rs756353554	K225N	0.0		P49238	CX3C chemokine receptor 1	Homo sapiens	Encontrado	https://alphafold.ebi.ac.uk/entry/P49238
CX3CR1	missense_variant		756452900	P49238	rs756452900	G317R	0.003		P49238	CX3C chemokine receptor 1	Homo sapiens	Encontrado	https://alphafold.ebi.ac.uk/entry/P49238
CX3CR1	missense_variant		756452900	P49238	rs756452900	G317R	0.24		P49238	CX3C chemokine receptor 1	Homo sapiens	Encontrado	https://alphafold.ebi.ac.uk/entry/P49238
CX3CR1	missense_variant		756452900	P49238	rs756452900	G317R	0.033		P49238	CX3C chemokine receptor 1	Homo sapiens	Encontrado	https://alphafold.ebi.ac.uk/entry/P49238
CX3CR1	missense_variant		756452900	P49238	rs756452900	G317R	0.1		P49238	CX3C chemokine receptor 1	Homo sapiens	Encontrado	https://alphafold.ebi.ac.uk/entry/P49238
CX3CR1	missense_variant		757031172						P49238	CX3C chemokine receptor 1	Homo sapiens	Encontrado	https://alphafold.ebi.ac.uk/entry/P49238
CX3CR1	missense_variant		757198893						P49238	CX3C chemokine receptor 1	Homo sapiens	Encontrado	https://alphafold.ebi.ac.uk/entry/P49238
CX3CR1	missense_variant		757634158						P49238	CX3C chemokine receptor 1	Homo sapiens	Encontrado	https://alphafold.ebi.ac.uk/entry/P49238
CX3CR1	missense_variant		757661027						P49238	CX3C chemokine receptor 1	Homo sapiens	Encontrado	https://alphafold.ebi.ac.uk/entry/P49238
CX3CR1	missense_variant		757876307						P49238	CX3C chemokine receptor 1	Homo sapiens	Encontrado	https://alphafold.ebi.ac.uk/entry/P49238
CX3CR1	missense_variant		757999058						P49238	CX3C chemokine receptor 1	Homo sapiens	Encontrado	https://alphafold.ebi.ac.uk/entry/P49238
CX3CR1	missense_variant		758302878						P49238	CX3C chemokine receptor 1	Homo sapiens	Encontrado	https://alphafold.ebi.ac.uk/entry/P49238
CX3CR1	missense_variant		759723364						P49238	CX3C chemokine receptor 1	Homo sapiens	Encontrado	https://alphafold.ebi.ac.uk/entry/P49238
CX3CR1	missense_variant		760818722						P49238	CX3C chemokine receptor 1	Homo sapiens	Encontrado	https://alphafold.ebi.ac.uk/entry/P49238
CX3CR1	missense_variant		760971482						P49238	CX3C chemokine receptor 1	Homo sapiens	Encontrado	https://alphafold.ebi.ac.uk/entry/P49238
CX3CR1	missense_variant		761301187						P49238	CX3C chemokine receptor 1	Homo sapiens	Encontrado	https://alphafold.ebi.ac.uk/entry/P49238
CX3CR1	missense_variant		761434711						P49238	CX3C chemokine receptor 1	Homo sapiens	Encontrado	https://alphafold.ebi.ac.uk/entry/P49238
CX3CR1	missense_variant	uncertain significance	761652263	P49238	rs761652263	S327F	0.067		P49238	CX3C chemokine receptor 1	Homo sapiens	Encontrado	https://alphafold.ebi.ac.uk/entry/P49238
CX3CR1	missense_variant	uncertain significance	761652263	P49238	rs761652263	S327F	0.07		P49238	CX3C chemokine receptor 1	Homo sapiens	Encontrado	https://alphafold.ebi.ac.uk/entry/P49238
CX3CR1	missense_variant		763200213						P49238	CX3C chemokine receptor 1	Homo sapiens	Encontrado	https://alphafold.ebi.ac.uk/entry/P49238
CX3CR1	missense_variant		764377463						P49238	CX3C chemokine receptor 1	Homo sapiens	Encontrado	https://alphafold.ebi.ac.uk/entry/P49238
CX3CR1	missense_variant		764814664						P49238	CX3C chemokine receptor 1	Homo sapiens	Encontrado	https://alphafold.ebi.ac.uk/entry/P49238
CX3CR1	missense_variant		765122831						P49238	CX3C chemokine receptor 1	Homo sapiens	Encontrado	https://alphafold.ebi.ac.uk/entry/P49238
CX3CR1	missense_variant	uncertain significance	765564346	P49238	rs765564346	L258F	0.005		P49238	CX3C chemokine receptor 1	Homo sapiens	Encontrado	https://alphafold.ebi.ac.uk/entry/P49238
CX3CR1	missense_variant	uncertain significance	765564346	P49238	rs765564346	L258F	0.7		P49238	CX3C chemokine receptor 1	Homo sapiens	Encontrado	https://alphafold.ebi.ac.uk/entry/P49238
CX3CR1	missense_variant	uncertain significance	766076052						P49238	CX3C chemokine receptor 1	Homo sapiens	Encontrado	https://alphafold.ebi.ac.uk/entry/P49238
CX3CR1	missense_variant		766357804						P49238	CX3C chemokine receptor 1	Homo sapiens	Encontrado	https://alphafold.ebi.ac.uk/entry/P49238
CX3CR1	missense_variant		766834140	P49238	rs766834140	E181K	0.085		P49238	CX3C chemokine receptor 1	Homo sapiens	Encontrado	https://alphafold.ebi.ac.uk/entry/P49238
CX3CR1	missense_variant		766834140	P49238	rs766834140	E181K	0.39		P49238	CX3C chemokine receptor 1	Homo sapiens	Encontrado	https://alphafold.ebi.ac.uk/entry/P49238
CX3CR1	missense_variant		766834140	P49238	rs766834140	E181K	0.35		P49238	CX3C chemokine receptor 1	Homo sapiens	Encontrado	https://alphafold.ebi.ac.uk/entry/P49238
CX3CR1	missense_variant		766834140	P49238	rs766834140	E181K	0.22		P49238	CX3C chemokine receptor 1	Homo sapiens	Encontrado	https://alphafold.ebi.ac.uk/entry/P49238
CX3CR1	missense_variant		767455598						P49238	CX3C chemokine receptor 1	Homo sapiens	Encontrado	https://alphafold.ebi.ac.uk/entry/P49238
CX3CR1	missense_variant		767984403						P49238	CX3C chemokine receptor 1	Homo sapiens	Encontrado	https://alphafold.ebi.ac.uk/entry/P49238
CX3CR1	missense_variant		768423744						P49238	CX3C chemokine receptor 1	Homo sapiens	Encontrado	https://alphafold.ebi.ac.uk/entry/P49238
CX3CR1	missense_variant		768475298						P49238	CX3C chemokine receptor 1	Homo sapiens	Encontrado	https://alphafold.ebi.ac.uk/entry/P49238
CX3CR1	missense_variant		768536284	P49238	rs768536284	P203L	0.996		P49238	CX3C chemokine receptor 1	Homo sapiens	Encontrado	https://alphafold.ebi.ac.uk/entry/P49238
CX3CR1	missense_variant		768536284	P49238	rs768536284	P203L	0.0		P49238	CX3C chemokine receptor 1	Homo sapiens	Encontrado	https://alphafold.ebi.ac.uk/entry/P49238
CX3CR1	missense_variant		768536284	P49238	rs768536284	P203L	0.999		P49238	CX3C chemokine receptor 1	Homo sapiens	Encontrado	https://alphafold.ebi.ac.uk/entry/P49238
CX3CR1	missense_variant		768536284	P49238	rs768536284	P203L	0.0		P49238	CX3C chemokine receptor 1	Homo sapiens	Encontrado	https://alphafold.ebi.ac.uk/entry/P49238
CX3CR1	missense_variant		768761417	P49238	rs768761417	R191H	0.537		P49238	CX3C chemokine receptor 1	Homo sapiens	Encontrado	https://alphafold.ebi.ac.uk/entry/P49238
CX3CR1	missense_variant		768761417	P49238	rs768761417	R191H	0.54		P49238	CX3C chemokine receptor 1	Homo sapiens	Encontrado	https://alphafold.ebi.ac.uk/entry/P49238
CX3CR1	missense_variant		768761417	P49238	rs768761417	R191H	0.632		P49238	CX3C chemokine receptor 1	Homo sapiens	Encontrado	https://alphafold.ebi.ac.uk/entry/P49238
CX3CR1	missense_variant		768761417	P49238	rs768761417	R191H	0.54		P49238	CX3C chemokine receptor 1	Homo sapiens	Encontrado	https://alphafold.ebi.ac.uk/entry/P49238
CX3CR1	missense_variant		769293817						P49238	CX3C chemokine receptor 1	Homo sapiens	Encontrado	https://alphafold.ebi.ac.uk/entry/P49238
CX3CR1	missense_variant		770929576						P49238	CX3C chemokine receptor 1	Homo sapiens	Encontrado	https://alphafold.ebi.ac.uk/entry/P49238
CX3CR1	missense_variant		771058178						P49238	CX3C chemokine receptor 1	Homo sapiens	Encontrado	https://alphafold.ebi.ac.uk/entry/P49238
CX3CR1	missense_variant		771207991						P49238	CX3C chemokine receptor 1	Homo sapiens	Encontrado	https://alphafold.ebi.ac.uk/entry/P49238
CX3CR1	missense_variant		771289099						P49238	CX3C chemokine receptor 1	Homo sapiens	Encontrado	https://alphafold.ebi.ac.uk/entry/P49238
CX3CR1	missense_variant		771523523						P49238	CX3C chemokine receptor 1	Homo sapiens	Encontrado	https://alphafold.ebi.ac.uk/entry/P49238
CX3CR1	missense_variant		773312227						P49238	CX3C chemokine receptor 1	Homo sapiens	Encontrado	https://alphafold.ebi.ac.uk/entry/P49238
CX3CR1	missense_variant	uncertain significance	773508118	P49238	rs773508118	V189M	0.742		P49238	CX3C chemokine receptor 1	Homo sapiens	Encontrado	https://alphafold.ebi.ac.uk/entry/P49238
CX3CR1	missense_variant	uncertain significance	773508118	P49238	rs773508118	V189M	0.01		P49238	CX3C chemokine receptor 1	Homo sapiens	Encontrado	https://alphafold.ebi.ac.uk/entry/P49238
CX3CR1	missense_variant	uncertain significance	773508118	P49238	rs773508118	V189M	0.986		P49238	CX3C chemokine receptor 1	Homo sapiens	Encontrado	https://alphafold.ebi.ac.uk/entry/P49238
CX3CR1	missense_variant	uncertain significance	773508118	P49238	rs773508118	V189M	0.02		P49238	CX3C chemokine receptor 1	Homo sapiens	Encontrado	https://alphafold.ebi.ac.uk/entry/P49238
CX3CR1	missense_variant		774238861	P49238	rs774238861	S325F	0.158		P49238	CX3C chemokine receptor 1	Homo sapiens	Encontrado	https://alphafold.ebi.ac.uk/entry/P49238
CX3CR1	missense_variant		774238861	P49238	rs774238861	S325F	0.14		P49238	CX3C chemokine receptor 1	Homo sapiens	Encontrado	https://alphafold.ebi.ac.uk/entry/P49238
CX3CR1	missense_variant		774238861	P49238	rs774238861	S325F	0.038		P49238	CX3C chemokine receptor 1	Homo sapiens	Encontrado	https://alphafold.ebi.ac.uk/entry/P49238
CX3CR1	missense_variant		774238861	P49238	rs774238861	S325F	0.57		P49238	CX3C chemokine receptor 1	Homo sapiens	Encontrado	https://alphafold.ebi.ac.uk/entry/P49238
CX3CR1	missense_variant		774709416						P49238	CX3C chemokine receptor 1	Homo sapiens	Encontrado	https://alphafold.ebi.ac.uk/entry/P49238
CX3CR1	missense_variant		775003489						P49238	CX3C chemokine receptor 1	Homo sapiens	Encontrado	https://alphafold.ebi.ac.uk/entry/P49238
CX3CR1	missense_variant		775158276						P49238	CX3C chemokine receptor 1	Homo sapiens	Encontrado	https://alphafold.ebi.ac.uk/entry/P49238
CX3CR1	missense_variant		775640906	P49238	rs775640906	V239M	0.286		P49238	CX3C chemokine receptor 1	Homo sapiens	Encontrado	https://alphafold.ebi.ac.uk/entry/P49238
CX3CR1	missense_variant		775640906	P49238	rs775640906	V239M	0.11		P49238	CX3C chemokine receptor 1	Homo sapiens	Encontrado	https://alphafold.ebi.ac.uk/entry/P49238
CX3CR1	missense_variant		775640906	P49238	rs775640906	V239M	0.194		P49238	CX3C chemokine receptor 1	Homo sapiens	Encontrado	https://alphafold.ebi.ac.uk/entry/P49238
CX3CR1	missense_variant		775640906	P49238	rs775640906	V239M	0.05		P49238	CX3C chemokine receptor 1	Homo sapiens	Encontrado	https://alphafold.ebi.ac.uk/entry/P49238
CX3CR1	missense_variant		775746096						P49238	CX3C chemokine receptor 1	Homo sapiens	Encontrado	https://alphafold.ebi.ac.uk/entry/P49238
CX3CR1	missense_variant	uncertain significance	776223203	P49238	rs776223203	S284G	0.266		P49238	CX3C chemokine receptor 1	Homo sapiens	Encontrado	https://alphafold.ebi.ac.uk/entry/P49238
CX3CR1	missense_variant	uncertain significance	776223203	P49238	rs776223203	S284G	0.08		P49238	CX3C chemokine receptor 1	Homo sapiens	Encontrado	https://alphafold.ebi.ac.uk/entry/P49238
CX3CR1	missense_variant		776940684						P49238	CX3C chemokine receptor 1	Homo sapiens	Encontrado	https://alphafold.ebi.ac.uk/entry/P49238
CX3CR1	missense_variant		777578095						P49238	CX3C chemokine receptor 1	Homo sapiens	Encontrado	https://alphafold.ebi.ac.uk/entry/P49238
CX3CR1	missense_variant	uncertain significance	777824021	P49238	rs777824021	N99S	0.262		P49238	CX3C chemokine receptor 1	Homo sapiens	Encontrado	https://alphafold.ebi.ac.uk/entry/P49238
CX3CR1	missense_variant	uncertain significance	777824021	P49238	rs777824021	N99S	0.16		P49238	CX3C chemokine receptor 1	Homo sapiens	Encontrado	https://alphafold.ebi.ac.uk/entry/P49238
CX3CR1	missense_variant		778278906						P49238	CX3C chemokine receptor 1	Homo sapiens	Encontrado	https://alphafold.ebi.ac.uk/entry/P49238
CX3CR1	missense_variant		779021239						P49238	CX3C chemokine receptor 1	Homo sapiens	Encontrado	https://alphafold.ebi.ac.uk/entry/P49238
CX3CR1	missense_variant		779537917	P49238	rs779537917	E254D	0.007		P49238	CX3C chemokine receptor 1	Homo sapiens	Encontrado	https://alphafold.ebi.ac.uk/entry/P49238
CX3CR1	missense_variant		779537917	P49238	rs779537917	E254D	0.16		P49238	CX3C chemokine receptor 1	Homo sapiens	Encontrado	https://alphafold.ebi.ac.uk/entry/P49238
CX3CR1	missense_variant		779537917	P49238	rs779537917	E254D	0.015		P49238	CX3C chemokine receptor 1	Homo sapiens	Encontrado	https://alphafold.ebi.ac.uk/entry/P49238
CX3CR1	missense_variant		779537917	P49238	rs779537917	E254D	0.15		P49238	CX3C chemokine receptor 1	Homo sapiens	Encontrado	https://alphafold.ebi.ac.uk/entry/P49238
CX3CR1	missense_variant		779788631						P49238	CX3C chemokine receptor 1	Homo sapiens	Encontrado	https://alphafold.ebi.ac.uk/entry/P49238
CX3CR1	missense_variant	uncertain significance	780062312	P49238	rs780062312	T245I	0.757		P49238	CX3C chemokine receptor 1	Homo sapiens	Encontrado	https://alphafold.ebi.ac.uk/entry/P49238
CX3CR1	missense_variant	uncertain significance	780062312	P49238	rs780062312	T245I	0.02		P49238	CX3C chemokine receptor 1	Homo sapiens	Encontrado	https://alphafold.ebi.ac.uk/entry/P49238
CX3CR1	missense_variant	uncertain significance	780062312	P49238	rs780062312	T245I	0.978		P49238	CX3C chemokine receptor 1	Homo sapiens	Encontrado	https://alphafold.ebi.ac.uk/entry/P49238
CX3CR1	missense_variant	uncertain significance	780062312	P49238	rs780062312	T245I	0.02		P49238	CX3C chemokine receptor 1	Homo sapiens	Encontrado	https://alphafold.ebi.ac.uk/entry/P49238
CX3CR1	missense_variant		780921976						P49238	CX3C chemokine receptor 1	Homo sapiens	Encontrado	https://alphafold.ebi.ac.uk/entry/P49238
CX3CR1	missense_variant		781270208						P49238	CX3C chemokine receptor 1	Homo sapiens	Encontrado	https://alphafold.ebi.ac.uk/entry/P49238
CX3CR1	missense_variant		781773493						P49238	CX3C chemokine receptor 1	Homo sapiens	Encontrado	https://alphafold.ebi.ac.uk/entry/P49238
CX3CR1	missense_variant		865941167						P49238	CX3C chemokine receptor 1	Homo sapiens	Encontrado	https://alphafold.ebi.ac.uk/entry/P49238
CX3CR1	missense_variant		866073371	P49238	rs866073371	G335E	0.0		P49238	CX3C chemokine receptor 1	Homo sapiens	Encontrado	https://alphafold.ebi.ac.uk/entry/P49238
CX3CR1	missense_variant		866073371	P49238	rs866073371	G335E	1.0		P49238	CX3C chemokine receptor 1	Homo sapiens	Encontrado	https://alphafold.ebi.ac.uk/entry/P49238
CX3CR1	missense_variant		866073371	P49238	rs866073371	G335E	0.0		P49238	CX3C chemokine receptor 1	Homo sapiens	Encontrado	https://alphafold.ebi.ac.uk/entry/P49238
CX3CR1	missense_variant		866073371	P49238	rs866073371	G335E	1.0		P49238	CX3C chemokine receptor 1	Homo sapiens	Encontrado	https://alphafold.ebi.ac.uk/entry/P49238
CX3CR1	missense_variant		868008680						P49238	CX3C chemokine receptor 1	Homo sapiens	Encontrado	https://alphafold.ebi.ac.uk/entry/P49238
CX3CR1	missense_variant	uncertain significance	868320190	P49238	rs868320190	G177S	0.198		P49238	CX3C chemokine receptor 1	Homo sapiens	Encontrado	https://alphafold.ebi.ac.uk/entry/P49238
CX3CR1	missense_variant	uncertain significance	868320190	P49238	rs868320190	G177S	0.97		P49238	CX3C chemokine receptor 1	Homo sapiens	Encontrado	https://alphafold.ebi.ac.uk/entry/P49238
CX3CR1	missense_variant		887074972						P49238	CX3C chemokine receptor 1	Homo sapiens	Encontrado	https://alphafold.ebi.ac.uk/entry/P49238
CX3CR1	missense_variant		928825762						P49238	CX3C chemokine receptor 1	Homo sapiens	Encontrado	https://alphafold.ebi.ac.uk/entry/P49238
CX3CR1	missense_variant	uncertain significance	928981544	P49238	rs928981544	S220F	0.037		P49238	CX3C chemokine receptor 1	Homo sapiens	Encontrado	https://alphafold.ebi.ac.uk/entry/P49238
CX3CR1	missense_variant	uncertain significance	928981544	P49238	rs928981544	S220F	0.73		P49238	CX3C chemokine receptor 1	Homo sapiens	Encontrado	https://alphafold.ebi.ac.uk/entry/P49238
CX3CR1	missense_variant	uncertain significance	928981544	P49238	rs928981544	S220F	0.163		P49238	CX3C chemokine receptor 1	Homo sapiens	Encontrado	https://alphafold.ebi.ac.uk/entry/P49238
CX3CR1	missense_variant	uncertain significance	928981544	P49238	rs928981544	S220F	0.35		P49238	CX3C chemokine receptor 1	Homo sapiens	Encontrado	https://alphafold.ebi.ac.uk/entry/P49238
CX3CR1	missense_variant		938883415						P49238	CX3C chemokine receptor 1	Homo sapiens	Encontrado	https://alphafold.ebi.ac.uk/entry/P49238
CX3CR1	missense_variant		945811092						P49238	CX3C chemokine receptor 1	Homo sapiens	Encontrado	https://alphafold.ebi.ac.uk/entry/P49238
CX3CR1	missense_variant		956057885						P49238	CX3C chemokine receptor 1	Homo sapiens	Encontrado	https://alphafold.ebi.ac.uk/entry/P49238
CX3CR1	missense_variant		956953620						P49238	CX3C chemokine receptor 1	Homo sapiens	Encontrado	https://alphafold.ebi.ac.uk/entry/P49238
CX3CR1	missense_variant		956955089						P49238	CX3C chemokine receptor 1	Homo sapiens	Encontrado	https://alphafold.ebi.ac.uk/entry/P49238
CX3CR1	missense_variant		961959425	P49238	rs961959425	L353P	0.255		P49238	CX3C chemokine receptor 1	Homo sapiens	Encontrado	https://alphafold.ebi.ac.uk/entry/P49238
CX3CR1	missense_variant		961959425	P49238	rs961959425	L353P	0.0		P49238	CX3C chemokine receptor 1	Homo sapiens	Encontrado	https://alphafold.ebi.ac.uk/entry/P49238
CX3CR1	missense_variant		961959425	P49238	rs961959425	L353P	0.377		P49238	CX3C chemokine receptor 1	Homo sapiens	Encontrado	https://alphafold.ebi.ac.uk/entry/P49238
CX3CR1	missense_variant		961959425	P49238	rs961959425	L353P	0.0		P49238	CX3C chemokine receptor 1	Homo sapiens	Encontrado	https://alphafold.ebi.ac.uk/entry/P49238
CX3CR1	missense_variant		997718972						P49238	CX3C chemokine receptor 1	Homo sapiens	Encontrado	https://alphafold.ebi.ac.uk/entry/P49238
